   1.0000000e+00   1.0000000e+00
   6.1000000e+01   1.0000000e+00
   1.2100000e+02   1.0000000e+00
   1.8100000e+02   1.0000000e+00
   2.4100000e+02   1.0000000e+00
   3.0100000e+02   1.0000000e+00
   3.6100000e+02   1.0000000e+00
   4.2100000e+02   1.0000000e+00
   4.8100000e+02   1.0000000e+00
   5.4100000e+02   1.0000000e+00
   6.0100000e+02   1.0000000e+00
   6.6100000e+02   1.0000000e+00
   7.2100000e+02   1.0000000e+00
   7.8100000e+02   1.0000000e+00
   8.4100000e+02   1.0000000e+00
   9.0100000e+02   1.0000000e+00
   9.6100000e+02   1.0000000e+00
   1.0210000e+03   1.0000000e+00
   1.0810000e+03   1.0000000e+00
   1.1410000e+03   1.0000000e+00
   1.2010000e+03   1.0000000e+00
   1.2610000e+03   1.0000000e+00
   1.3210000e+03   1.0000000e+00
   1.3810000e+03   1.0000000e+00
   1.4410000e+03   1.0000000e+00
   1.5010000e+03   1.0000000e+00
   1.5610000e+03   1.0000000e+00
   1.6210000e+03   1.0000000e+00
   1.6810000e+03   1.0000000e+00
   1.7410000e+03   1.0000000e+00
   1.8010000e+03   1.0000000e+00
   1.8610000e+03   1.0000000e+00
   1.9210000e+03   1.0000000e+00
   1.9810000e+03   1.0000000e+00
   2.0410000e+03   1.0000000e+00
   2.1010000e+03   1.0000000e+00
   2.1610000e+03   1.0000000e+00
   2.2210000e+03   1.0000000e+00
   2.2810000e+03   1.0000000e+00
   2.3410000e+03   1.0000000e+00
   2.4010000e+03   1.0000000e+00
   2.4610000e+03   1.0000000e+00
   2.5210000e+03   1.0000000e+00
   2.5810000e+03   1.0000000e+00
   2.6410000e+03   1.0000000e+00
   2.7010000e+03   1.0000000e+00
   2.7610000e+03   1.0000000e+00
   2.8210000e+03   1.0000000e+00
   2.8810000e+03   1.0000000e+00
   2.9410000e+03   1.0000000e+00
   3.0010000e+03   1.0000000e+00
   3.0610000e+03   1.0000000e+00
   3.1210000e+03   1.0000000e+00
   3.1810000e+03   1.0000000e+00
   3.2410000e+03   1.0000000e+00
   3.3010000e+03   1.0000000e+00
   3.3610000e+03   1.0000000e+00
   3.4210000e+03   1.0000000e+00
   3.4810000e+03   1.0000000e+00
   3.5410000e+03   1.0000000e+00
